# Created by Octave 3.8.1, Sun Feb 21 19:59:30 2016 PST <jilongs@jilongs-Latitude-E6530>
# name: v
# type: matrix
# rows: 1
# columns: 10
 6.1101 5.5277 8.518599999999999 7.0032 5.8598 8.382899999999999 7.4764 8.578099999999999 6.4862 5.0546


